0.6272 0.1296 0.768
0.5696 0.768 0.2928
0.3264 0.3648 0.872
0.1392 0.3456 0.928
0.2544 0.9408 0.224
0.5696 0.768 0.2928
0.872 0.096 0.48
0.96 0.0784 0.2688
0.576 0.3456 0.7408
0.1296 0.6272 0.768
0.2816 0.7488 0.6
0.8448 0.3264 0.424
0.4416 0.8688 0.224
0.1392 0.3456 0.928
0.352 0.5616 0.7488
0.352 0.4752 0.8064
0.2368 0.7824 0.576
0.864 0.152 0.48
0.3968 0.744 0.5376
0.168 0.224 0.96
0.864 0.152 0.48
0.64 0.7104 0.2928
0.1296 0.192 0.9728
0.3968 0.48 0.7824
0.4096 0.096 0.9072
0.64 0.48 0.6
0.0656 0.192 0.9792
0.2112 0.192 0.9584
0.7104 0.6672 0.224
0.2688 0.096 0.9584
0.3456 0.576 0.7408
0.7408 0.576 0.3456
0.864 0.4096 0.2928
0.2304 0.2928 0.928
0.168 0.0192 0.9856
0.768 0.2928 0.5696
0.576 0.28 0.768
0.424 0.3264 0.8448
0.1392 0.928 0.3456
0.36 0.352 0.864
0.0768 0.424 0.9024
0.168 0.0192 0.9856
0.424 0.48 0.768
0.352 0.4752 0.8064
0.2368 0.36 0.9024
0.4976 0.0768 0.864
0.6 0.2816 0.7488
0.48 0.1216 0.8688
0.352 0.7488 0.5616
0.4416 0.224 0.8688
0.4464 0.576 0.6848
0.96 0.0784 0.2688
0.768 0.024 0.64
0.2544 0.224 0.9408
0.7408 0.3456 0.576
0.4976 0.0768 0.864
0.0192 0.168 0.9856
0.48 0.152 0.864
0.168 0.96 0.224
0.768 0.3456 0.5392
0.152 0.48 0.864
0.4416 0.872 0.2112
0.768 0.1216 0.6288
0.768 0.224 0.6
0.2816 0.2112 0.936
0.768 0.5392 0.3456
0.168 0.3968 0.9024
0.7824 0.2368 0.576
0.6336 0.168 0.7552
0.7104 0.2928 0.64
0.224 0.2544 0.9408
0.7488 0.352 0.5616
0.192 0.1296 0.9728
0.9408 0.2544 0.224
0.192 0.64 0.744
0.744 0.2304 0.6272
0.2928 0.64 0.7104
0.36 0.352 0.864
0.5392 0.3456 0.768
0.096 0.36 0.928
0.0512 0.768 0.6384
0.2112 0.2816 0.936
0.7104 0.2928 0.64
0.0656 0.192 0.9792
0.744 0.2304 0.6272
0.0192 0.224 0.9744
0.024 0.768 0.64
0.5392 0.768 0.3456
0.5392 0.768 0.3456
0.4096 0.864 0.2928
0.224 0.9408 0.2544
0.192 0.1296 0.9728
0.4096 0.2928 0.864
0.9408 0.224 0.2544
0.6672 0.224 0.7104
0.768 0.3648 0.5264
0.024 0.0512 0.9984
0.5392 0.768 0.3456
0.768 0.1216 0.6288
0.2368 0.7824 0.576
0.224 0.768 0.6
0.096 0.872 0.48
0.3264 0.8448 0.424
0.96 0.0784 0.2688
0.28 0.768 0.576
0.9408 0.2544 0.224
0.0768 0.424 0.9024
0.024 0.0512 0.9984
0.024 0.2304 0.9728
0.3968 0.168 0.9024
0.768 0.1216 0.6288
0.224 0.7104 0.6672
0.2816 0.7488 0.6
0.768 0.5696 0.2928
0.224 0.768 0.6
0.7488 0.352 0.5616
0.024 0.2304 0.9728
0.1392 0.928 0.3456
0.4416 0.2112 0.872
0.4416 0.872 0.2112
0.224 0.0192 0.9744
0.152 0.48 0.864
0.168 0.0192 0.9856
0.096 0.5264 0.8448
0.0192 0.168 0.9856
0.224 0.768 0.6
0.224 0.2544 0.9408
0.4096 0.2928 0.864
0.096 0.48 0.872
0.48 0.36 0.8
0.864 0.4096 0.2928
0.0512 0.024 0.9984
0.864 0.152 0.48
0.3264 0.424 0.8448
0.168 0.3968 0.9024
0.3648 0.5264 0.768
0.192 0.1296 0.9728
0.4752 0.1664 0.864
0.64 0.48 0.6
0.424 0.3264 0.8448
0.4096 0.096 0.9072
0.7824 0.2368 0.576
0.5392 0.768 0.3456
0.4992 0.0656 0.864
0.4976 0.4032 0.768
0.0192 0.168 0.9856
0.7408 0.3456 0.576
0.4096 0.096 0.9072
0.1392 0.928 0.3456
0.096 0.872 0.48
0.3968 0.744 0.5376
0.1344 0.4992 0.856
0.4416 0.2112 0.872
0.0656 0.4992 0.864
0.1216 0.48 0.8688
0.2944 0.168 0.9408
0.3264 0.8448 0.424
0.3968 0.5376 0.744
0.864 0.152 0.48
0.48 0.6672 0.5696
0.576 0.7408 0.3456
0.96 0.168 0.224
0.48 0.5696 0.6672
0.424 0.0768 0.9024
0.2688 0.096 0.9584
0.2928 0.2304 0.928
0.352 0.4752 0.8064
0.6336 0.168 0.7552
0.2112 0.2816 0.936
0.36 0.352 0.864
0.4752 0.1664 0.864
0.4464 0.576 0.6848
0.096 0.1392 0.9856
0.6672 0.224 0.7104
0.1296 0.192 0.9728
0.864 0.152 0.48
0.1392 0.096 0.9856
0.0512 0.024 0.9984
0.64 0.192 0.744
0.3264 0.424 0.8448
0.4464 0.576 0.6848
0.6 0.2816 0.7488
0.4096 0.864 0.2928
0.0192 0.224 0.9744
0.48 0.096 0.872
0.2816 0.7488 0.6
0.2688 0.0784 0.96
0.7104 0.6672 0.224
0.1216 0.48 0.8688
0.4096 0.096 0.9072
0.1216 0.48 0.8688
0.2368 0.36 0.9024
0.1344 0.152 0.9792
0.1344 0.4992 0.856
0.224 0.9408 0.2544
0.64 0.7104 0.2928
0.6288 0.4416 0.64
0.4992 0.0656 0.864
0.2944 0.168 0.9408
0.6272 0.2304 0.744
0.872 0.096 0.48
0.224 0.7104 0.6672
0.9408 0.224 0.2544
0.096 0.36 0.928
0.224 0.168 0.96
0.4096 0.864 0.2928
0.4416 0.2688 0.856
0.1344 0.4992 0.856
0.1664 0.4752 0.864
0.4752 0.352 0.8064
0.7488 0.352 0.5616
0.168 0.576 0.8
0.1344 0.4992 0.856
0.2688 0.28 0.9216
0.192 0.856 0.48
0.2688 0.096 0.9584
0.3456 0.5392 0.768
0.1296 0.6272 0.768
0.168 0.2944 0.9408
0.192 0.0656 0.9792
0.0512 0.024 0.9984
0.0768 0.4976 0.864
0.928 0.1392 0.3456
0.2368 0.36 0.9024
0.2112 0.2816 0.936
0.864 0.152 0.48
0.168 0.96 0.224
0.48 0.192 0.856
0.768 0.0512 0.6384
0.2928 0.4096 0.864
0.4416 0.2688 0.856
0.1296 0.192 0.9728
0.152 0.48 0.864
0.024 0.2304 0.9728
0.6 0.7488 0.2816
0.168 0.2944 0.9408
0.576 0.4464 0.6848
0.2928 0.768 0.5696
0.744 0.2304 0.6272
0.744 0.192 0.64
0.28 0.768 0.576
0.3648 0.5264 0.768
0.4976 0.0768 0.864
0.3456 0.5392 0.768
0.224 0.768 0.6
0.5696 0.768 0.2928
0.2304 0.6272 0.744
0.928 0.1392 0.3456
0.28 0.576 0.768
0.3648 0.3264 0.872
0.096 0.1392 0.9856
0.576 0.168 0.8
0.352 0.7488 0.5616
0.768 0.6 0.224
0.768 0.28 0.576
0.3456 0.5392 0.768
0.768 0.024 0.64
0.192 0.0656 0.9792
0.64 0.4416 0.6288
0.168 0.3968 0.9024
0.224 0.6 0.768
0.1216 0.768 0.6288
0.1392 0.3456 0.928
0.2304 0.2928 0.928
0.4976 0.4032 0.768
0.152 0.48 0.864
0.2304 0.744 0.6272
0.0656 0.192 0.9792
0.152 0.48 0.864
0.7104 0.224 0.6672
0.576 0.3456 0.7408
0.024 0.2304 0.9728
0.576 0.28 0.768
0.2688 0.4416 0.856
0.224 0.168 0.96
0.224 0.4416 0.8688
0.4096 0.2928 0.864
0.168 0.3968 0.9024
0.48 0.192 0.856
0.4032 0.768 0.4976
0.1296 0.768 0.6272
0.48 0.6 0.64
0.168 0.6336 0.7552
0.2544 0.224 0.9408
0.3968 0.48 0.7824
0.5616 0.2112 0.8
0.1296 0.768 0.6272
0.5264 0.3648 0.768
0.2816 0.6 0.7488
0.424 0.3264 0.8448
0.48 0.096 0.872
0.7104 0.224 0.6672
0.6336 0.168 0.7552
0.576 0.3456 0.7408
0.3968 0.168 0.9024
0.0512 0.024 0.9984
0.576 0.3456 0.7408
0.0192 0.168 0.9856
0.768 0.0512 0.6384
0.192 0.3968 0.8976
0.2112 0.5616 0.8
0.6 0.7488 0.2816
0.2544 0.224 0.9408
0.2928 0.7104 0.64
0.7488 0.6 0.2816
0.224 0.168 0.96
0.768 0.5696 0.2928
0.224 0.9408 0.2544
0.48 0.3968 0.7824
0.192 0.0656 0.9792
0.224 0.168 0.96
0.3968 0.48 0.7824
0.192 0.0656 0.9792
0.2688 0.4416 0.856
0.2368 0.7824 0.576
0.3456 0.7408 0.576
0.224 0.6 0.768
0.48 0.64 0.6
0.2928 0.2304 0.928
0.2928 0.7104 0.64
0.64 0.7104 0.2928
0.6272 0.1296 0.768
0.9216 0.28 0.2688
0.168 0.96 0.224
0.0784 0.2688 0.96
0.168 0.3968 0.9024
0.4416 0.8688 0.224
0.4416 0.8688 0.224
0.0768 0.424 0.9024
0.2304 0.6272 0.744
0.4752 0.1664 0.864
0.768 0.0512 0.6384
0.224 0.6 0.768
0.0768 0.424 0.9024
0.9216 0.28 0.2688
0.7824 0.2368 0.576
0.4032 0.152 0.9024
0.2304 0.024 0.9728
0.576 0.4464 0.6848
0.872 0.4416 0.2112
0.5264 0.096 0.8448
0.224 0.2544 0.9408
0.4032 0.152 0.9024
0.4032 0.4976 0.768
0.024 0.2304 0.9728
0.5696 0.768 0.2928
0.152 0.4032 0.9024
0.1392 0.3456 0.928
0.0512 0.024 0.9984
0.2816 0.2112 0.936
0.768 0.224 0.6
0.768 0.5392 0.3456
0.744 0.2304 0.6272
0.576 0.168 0.8
0.6672 0.224 0.7104
0.5264 0.096 0.8448
0.1392 0.096 0.9856
0.5264 0.096 0.8448
0.3968 0.168 0.9024
0.64 0.4416 0.6288
0.168 0.0192 0.9856
0.168 0.576 0.8
0.768 0.1296 0.6272
0.768 0.1216 0.6288
0.6 0.224 0.768
0.2816 0.2112 0.936
0.424 0.48 0.768
0.64 0.192 0.744
0.768 0.2928 0.5696
0.6 0.224 0.768
0.4416 0.2688 0.856
0.192 0.48 0.856
0.36 0.2368 0.9024
0.576 0.7408 0.3456
0.3968 0.5376 0.744
0.192 0.48 0.856
0.224 0.168 0.96
0.6 0.224 0.768
0.2944 0.168 0.9408
0.64 0.192 0.744
0.4416 0.6288 0.64
0.744 0.3968 0.5376
0.864 0.4096 0.2928
0.4032 0.152 0.9024
0.0768 0.4976 0.864
0.64 0.2928 0.7104
0.192 0.856 0.48
0.768 0.3456 0.5392
0.192 0.1296 0.9728
0.5616 0.2112 0.8
0.2368 0.7824 0.576
0.6272 0.2304 0.744
0.2112 0.4416 0.872
0.6672 0.7104 0.224
0.3968 0.5376 0.744
0.192 0.3968 0.8976
0.168 0.0192 0.9856
0.096 0.4096 0.9072
0.9408 0.224 0.2544
0.2688 0.4416 0.856
0.1392 0.3456 0.928
0.768 0.6 0.224
0.2304 0.744 0.6272
0.224 0.4416 0.8688
0.224 0.2544 0.9408
0.3456 0.5392 0.768
0.3648 0.5264 0.768
0.744 0.2304 0.6272
0.152 0.1344 0.9792
0.096 0.36 0.928
0.7488 0.352 0.5616
0.28 0.9216 0.2688
0.3968 0.7824 0.48
0.192 0.48 0.856
0.192 0.2112 0.9584
0.192 0.3968 0.8976
0.192 0.744 0.64
0.152 0.864 0.48
0.192 0.1296 0.9728
0.0192 0.224 0.9744
0.2688 0.096 0.9584
0.6 0.768 0.224
0.928 0.1392 0.3456
0.768 0.0512 0.6384
0.0784 0.96 0.2688
0.0512 0.768 0.6384
0.6336 0.168 0.7552
0.48 0.192 0.856
0.4096 0.096 0.9072
0.768 0.024 0.64
0.576 0.3456 0.7408
0.1296 0.192 0.9728
0.768 0.6 0.224
0.224 0.6 0.768
0.2688 0.0784 0.96
0.2816 0.6 0.7488
0.3648 0.768 0.5264
0.7824 0.3968 0.48
0.192 0.0656 0.9792
0.224 0.6 0.768
0.224 0.2544 0.9408
0.48 0.64 0.6
0.48 0.1216 0.8688
0.424 0.3264 0.8448
0.0192 0.224 0.9744
0.48 0.1216 0.8688
0.0192 0.224 0.9744
0.48 0.1216 0.8688
0.352 0.36 0.864
0.2816 0.7488 0.6
0.48 0.36 0.8
0.48 0.424 0.768
0.64 0.192 0.744
0.9216 0.28 0.2688
0.64 0.192 0.744
0.1296 0.192 0.9728
0.864 0.152 0.48
0.2928 0.768 0.5696
0.2688 0.096 0.9584
0.36 0.2368 0.9024
0.0784 0.2688 0.96
0.7488 0.352 0.5616
0.28 0.768 0.576
0.1392 0.096 0.9856
0.6 0.768 0.224
0.7104 0.224 0.6672
0.8064 0.352 0.4752
0.2544 0.224 0.9408
0.48 0.36 0.8
0.024 0.768 0.64
0.7104 0.224 0.6672
0.6288 0.4416 0.64
0.0784 0.2688 0.96
0.28 0.9216 0.2688
0.2688 0.0784 0.96
0.28 0.2688 0.9216
0.5696 0.2928 0.768
0.168 0.96 0.224
0.4096 0.864 0.2928
0.744 0.192 0.64
0.3968 0.48 0.7824
0.192 0.48 0.856
0.2112 0.2816 0.936
0.192 0.64 0.744
0.1216 0.768 0.6288
0.096 0.2688 0.9584
0.928 0.1392 0.3456
0.3264 0.8448 0.424
0.096 0.5264 0.8448
0.5696 0.768 0.2928
0.1296 0.768 0.6272
0.6672 0.48 0.5696
0.768 0.024 0.64
0.7488 0.2816 0.6
0.224 0.768 0.6
0.168 0.6336 0.7552
0.096 0.1392 0.9856
0.48 0.096 0.872
0.2928 0.64 0.7104
0.424 0.48 0.768
0.2304 0.352 0.9072
0.8448 0.3264 0.424
0.224 0.0192 0.9744
0.0784 0.2688 0.96
0.7104 0.224 0.6672
0.224 0.768 0.6
0.0512 0.768 0.6384
0.2112 0.4416 0.872
0.6288 0.4416 0.64
0.168 0.0192 0.9856
0.2544 0.224 0.9408
0.096 0.2688 0.9584
0.2928 0.2304 0.928
0.424 0.0768 0.9024
0.64 0.4416 0.6288
0.4096 0.864 0.2928
0.7104 0.224 0.6672
0.1664 0.4752 0.864
0.744 0.2304 0.6272
0.6 0.768 0.224
0.2928 0.4096 0.864
0.768 0.28 0.576
0.768 0.2928 0.5696
0.3968 0.192 0.8976
0.0192 0.224 0.9744
0.96 0.168 0.224
0.2544 0.9408 0.224
0.928 0.1392 0.3456
0.576 0.7408 0.3456
0.2304 0.6272 0.744
0.424 0.48 0.768
0.096 0.4096 0.9072
0.2688 0.096 0.9584
0.5696 0.2928 0.768
0.2928 0.768 0.5696
0.352 0.8064 0.4752
0.768 0.3456 0.5392
0.0656 0.4992 0.864
0.5392 0.3456 0.768
0.096 0.872 0.48
0.096 0.2688 0.9584
0.4416 0.224 0.8688
0.0656 0.192 0.9792
0.7488 0.352 0.5616
0.6 0.224 0.768
0.1296 0.768 0.6272
0.224 0.4416 0.8688
0.1392 0.928 0.3456
0.152 0.48 0.864
0.4976 0.4032 0.768
0.5616 0.352 0.7488
0.5616 0.2112 0.8
0.96 0.0784 0.2688
0.1344 0.4992 0.856
0.2928 0.5696 0.768
0.64 0.48 0.6
0.224 0.6672 0.7104
0.3456 0.1392 0.928
0.768 0.28 0.576
0.152 0.48 0.864
0.4992 0.1344 0.856
0.024 0.2304 0.9728
0.1392 0.096 0.9856
0.1216 0.48 0.8688
0.192 0.3968 0.8976
0.192 0.856 0.48
0.1296 0.6272 0.768
0.48 0.152 0.864
0.48 0.096 0.872
0.224 0.168 0.96
0.4464 0.576 0.6848
0.096 0.48 0.872
0.2304 0.6272 0.744
0.576 0.4464 0.6848
0.4096 0.096 0.9072
0.768 0.1296 0.6272
0.48 0.64 0.6
0.36 0.352 0.864
0.864 0.4096 0.2928
0.744 0.3968 0.5376
0.7408 0.3456 0.576
0.2304 0.6272 0.744
0.4464 0.48 0.7552
0.744 0.2304 0.6272
0.3968 0.48 0.7824
0.024 0.2304 0.9728
0.6672 0.48 0.5696
0.6272 0.2304 0.744
0.352 0.4752 0.8064
0.4416 0.6288 0.64
0.2928 0.7104 0.64
0.2112 0.5616 0.8
0.2928 0.4096 0.864
0.7488 0.352 0.5616
0.6 0.48 0.64
0.7104 0.6672 0.224
0.2688 0.28 0.9216
0.2304 0.6272 0.744
0.0784 0.2688 0.96
0.224 0.6672 0.7104
0.192 0.856 0.48
0.224 0.0192 0.9744
0.0784 0.2688 0.96
0.192 0.48 0.856
0.7104 0.64 0.2928
0.352 0.36 0.864
0.3648 0.5264 0.768
0.3968 0.7824 0.48
0.1216 0.768 0.6288
0.7824 0.2368 0.576
0.7824 0.2368 0.576
0.96 0.168 0.224
0.2304 0.024 0.9728
0.096 0.2688 0.9584
0.2304 0.744 0.6272
0.768 0.0512 0.6384
0.9408 0.224 0.2544
0.48 0.5696 0.6672
0.768 0.224 0.6
0.36 0.096 0.928
0.224 0.7104 0.6672
0.192 0.744 0.64
0.0768 0.4976 0.864
0.192 0.2112 0.9584
0.096 0.36 0.928
0.768 0.28 0.576
0.2688 0.4416 0.856
0.36 0.48 0.8
0.2688 0.096 0.9584
0.7104 0.6672 0.224
0.2368 0.7824 0.576
0.224 0.0192 0.9744
0.0656 0.192 0.9792
0.7408 0.576 0.3456
0.4992 0.0656 0.864
0.096 0.36 0.928
0.224 0.6672 0.7104
0.2368 0.7824 0.576
0.096 0.2688 0.9584
0.3264 0.3648 0.872
0.168 0.224 0.96
0.2112 0.192 0.9584
0.1296 0.6272 0.768
0.3264 0.8448 0.424
0.6272 0.1296 0.768
0.4992 0.0656 0.864
0.152 0.1344 0.9792
0.5264 0.3648 0.768
0.2928 0.768 0.5696
0.96 0.0784 0.2688
0.168 0.224 0.96
0.352 0.2304 0.9072
0.3648 0.5264 0.768
0.224 0.2544 0.9408
0.6 0.2816 0.7488
0.48 0.3968 0.7824
0.64 0.192 0.744
0.48 0.096 0.872
0.64 0.48 0.6
0.576 0.3456 0.7408
0.2928 0.64 0.7104
0.768 0.2928 0.5696
0.768 0.4032 0.4976
0.1392 0.096 0.9856
0.192 0.0656 0.9792
0.3264 0.8448 0.424
0.168 0.3968 0.9024
0.768 0.6 0.224
0.4992 0.1344 0.856
0.192 0.2112 0.9584
0.096 0.1392 0.9856
0.4992 0.1344 0.856
0.4096 0.864 0.2928
0.3456 0.576 0.7408
0.7488 0.6 0.2816
0.424 0.0768 0.9024
0.2816 0.7488 0.6
0.152 0.48 0.864
0.768 0.5696 0.2928
0.224 0.0192 0.9744
0.768 0.5392 0.3456
0.2944 0.168 0.9408
0.1392 0.928 0.3456
0.0656 0.4992 0.864
0.9408 0.224 0.2544
0.4416 0.64 0.6288
0.424 0.0768 0.9024
0.192 0.64 0.744
0.224 0.768 0.6
0.192 0.3968 0.8976
0.192 0.1296 0.9728
0.1344 0.152 0.9792
0.4416 0.224 0.8688
0.168 0.576 0.8
0.4096 0.096 0.9072
0.6 0.48 0.64
0.168 0.2944 0.9408
0.352 0.7488 0.5616
0.64 0.2928 0.7104
0.36 0.2368 0.9024
0.224 0.4416 0.8688
0.2688 0.096 0.9584
0.192 0.0656 0.9792
0.3968 0.7824 0.48
0.5376 0.3968 0.744
0.2112 0.5616 0.8
0.5264 0.096 0.8448
0.4032 0.152 0.9024
0.5616 0.352 0.7488
0.6 0.7488 0.2816
0.872 0.4416 0.2112
0.8064 0.352 0.4752
0.7104 0.224 0.6672
0.64 0.7104 0.2928
0.4752 0.1664 0.864
0.4096 0.096 0.9072
0.1296 0.768 0.6272
0.4416 0.8688 0.224
0.576 0.168 0.8
0.744 0.192 0.64
0.192 0.48 0.856
0.3264 0.424 0.8448
0.096 0.872 0.48
0.2304 0.352 0.9072
0.7104 0.64 0.2928
0.0512 0.024 0.9984
0.3456 0.576 0.7408
0.0192 0.224 0.9744
0.1296 0.6272 0.768
0.096 0.48 0.872
0.352 0.5616 0.7488
0.9216 0.28 0.2688
0.768 0.5696 0.2928
0.224 0.4416 0.8688
0.4416 0.64 0.6288
0.2928 0.5696 0.768
0.4416 0.872 0.2112
0.1344 0.4992 0.856
0.4096 0.2928 0.864
0.7408 0.3456 0.576
0.2928 0.64 0.7104
0.48 0.36 0.8
0.0192 0.224 0.9744
0.192 0.3968 0.8976
0.5264 0.096 0.8448
0.48 0.6 0.64
0.192 0.856 0.48
0.152 0.1344 0.9792
0.4464 0.576 0.6848
0.168 0.0192 0.9856
0.36 0.2368 0.9024
0.3264 0.8448 0.424
0.5264 0.3648 0.768
0.2928 0.64 0.7104
0.0768 0.4976 0.864
0.48 0.3968 0.7824
0.6 0.768 0.224
0.4976 0.4032 0.768
0.4416 0.64 0.6288
0.0768 0.424 0.9024
0.2544 0.224 0.9408
0.3968 0.5376 0.744
0.48 0.096 0.872
0.3456 0.5392 0.768
0.864 0.152 0.48
0.4752 0.352 0.8064
0.6672 0.7104 0.224
0.0512 0.024 0.9984
0.4992 0.1344 0.856
0.4032 0.768 0.4976
0.4032 0.4976 0.768
0.352 0.5616 0.7488
0.224 0.6672 0.7104
0.48 0.5696 0.6672
0.0656 0.4992 0.864
0.4992 0.1344 0.856
0.4992 0.1344 0.856
0.576 0.4464 0.6848
0.096 0.48 0.872
0.096 0.2688 0.9584
0.768 0.1296 0.6272
0.224 0.168 0.96
0.168 0.224 0.96
0.768 0.024 0.64
0.5392 0.768 0.3456
0.48 0.64 0.6
0.224 0.6672 0.7104
0.4416 0.872 0.2112
0.152 0.4032 0.9024
0.4032 0.768 0.4976
0.6272 0.1296 0.768
0.8064 0.352 0.4752
0.2544 0.224 0.9408
0.2304 0.2928 0.928
0.8064 0.352 0.4752
0.152 0.864 0.48
0.168 0.0192 0.9856
0.1392 0.928 0.3456
0.9408 0.2544 0.224
0.224 0.6 0.768
0.0656 0.192 0.9792
0.352 0.5616 0.7488
0.3968 0.744 0.5376
0.152 0.4032 0.9024
0.0656 0.4992 0.864
0.224 0.6672 0.7104
0.6272 0.1296 0.768
0.1392 0.096 0.9856
0.8688 0.4416 0.224
0.424 0.3264 0.8448
0.48 0.6672 0.5696
0.2368 0.36 0.9024
0.4752 0.1664 0.864
0.2816 0.2112 0.936
0.3456 0.768 0.5392
0.224 0.768 0.6
0.0192 0.168 0.9856
0.576 0.4464 0.6848
0.7824 0.3968 0.48
0.2944 0.168 0.9408
0.224 0.6672 0.7104
0.5696 0.2928 0.768
0.1664 0.4752 0.864
0.576 0.7408 0.3456
0.5376 0.3968 0.744
0.48 0.192 0.856
0.3968 0.48 0.7824
0.168 0.576 0.8
0.48 0.152 0.864
0.192 0.856 0.48
0.2688 0.28 0.9216
0.7488 0.6 0.2816
0.152 0.864 0.48
0.3968 0.7824 0.48
0.6272 0.2304 0.744
0.1344 0.4992 0.856
0.5696 0.48 0.6672
0.2816 0.7488 0.6
0.192 0.744 0.64
0.152 0.1344 0.9792
0.2304 0.6272 0.744
0.64 0.192 0.744
0.0784 0.96 0.2688
0.1216 0.768 0.6288
0.0192 0.168 0.9856
0.3264 0.3648 0.872
0.2112 0.192 0.9584
0.64 0.2928 0.7104
0.192 0.3968 0.8976
0.2544 0.9408 0.224
0.7824 0.2368 0.576
0.928 0.1392 0.3456
0.36 0.096 0.928
0.768 0.224 0.6
0.4416 0.2688 0.856
0.3968 0.192 0.8976
0.48 0.424 0.768
0.6672 0.48 0.5696
0.2928 0.7104 0.64
0.4416 0.872 0.2112
0.0512 0.024 0.9984
0.48 0.152 0.864
0.768 0.1296 0.6272
0.7488 0.2816 0.6
0.152 0.864 0.48
0.856 0.192 0.48
0.0656 0.192 0.9792
0.3264 0.8448 0.424
0.4416 0.224 0.8688
0.8688 0.4416 0.224
0.2688 0.0784 0.96
0.4976 0.0768 0.864
0.192 0.64 0.744
0.0768 0.4976 0.864
0.1344 0.152 0.9792
0.224 0.0192 0.9744
0.2928 0.5696 0.768
0.024 0.0512 0.9984
0.6 0.7488 0.2816
0.48 0.192 0.856
0.5616 0.2112 0.8
0.4416 0.6288 0.64
0.168 0.224 0.96
0.3456 0.1392 0.928
0.1344 0.4992 0.856
0.2304 0.352 0.9072
0.7408 0.576 0.3456
0.5696 0.48 0.6672
0.3456 0.5392 0.768
0.3648 0.3264 0.872
0.168 0.2944 0.9408
0.2928 0.768 0.5696
0.192 0.1296 0.9728
0.1216 0.768 0.6288
0.096 0.2688 0.9584
0.576 0.3456 0.7408
0.8688 0.4416 0.224
0.2688 0.096 0.9584
0.168 0.0192 0.9856
0.224 0.9408 0.2544
0.6288 0.4416 0.64
0.64 0.48 0.6
0.2112 0.5616 0.8
0.3648 0.768 0.5264
0.2304 0.744 0.6272
0.2928 0.4096 0.864
0.152 0.864 0.48
0.64 0.7104 0.2928
0.152 0.864 0.48
0.6 0.48 0.64
0.2928 0.5696 0.768
0.152 0.1344 0.9792
0.1344 0.152 0.9792
0.7824 0.2368 0.576
0.856 0.192 0.48
0.024 0.2304 0.9728
0.4416 0.2688 0.856
0.9408 0.224 0.2544
0.64 0.192 0.744
0.2112 0.192 0.9584
0.36 0.2368 0.9024
0.224 0.2544 0.9408
0.872 0.096 0.48
0.64 0.192 0.744
0.2112 0.5616 0.8
0.0192 0.168 0.9856
0.192 0.2112 0.9584
0.3648 0.5264 0.768
0.3968 0.168 0.9024
0.768 0.2928 0.5696
0.192 0.1296 0.9728
0.2816 0.2112 0.936
0.0768 0.424 0.9024
0.4096 0.864 0.2928
0.096 0.872 0.48
0.28 0.2688 0.9216
0.8688 0.4416 0.224
0.5696 0.48 0.6672
0.3648 0.3264 0.872
0.168 0.0192 0.9856
0.352 0.2304 0.9072
0.28 0.9216 0.2688
0.48 0.4464 0.7552
0.768 0.024 0.64
0.6 0.7488 0.2816
0.3648 0.3264 0.872
0.2304 0.744 0.6272
0.2688 0.0784 0.96
0.192 0.2112 0.9584
0.744 0.2304 0.6272
0.2304 0.352 0.9072
0.4032 0.768 0.4976
0.192 0.856 0.48
0.2544 0.9408 0.224
0.224 0.0192 0.9744
0.424 0.0768 0.9024
0.864 0.152 0.48
0.224 0.768 0.6
0.28 0.576 0.768
0.48 0.5696 0.6672
0.768 0.0512 0.6384
0.6672 0.48 0.5696
0.352 0.2304 0.9072
0.576 0.28 0.768
0.352 0.2304 0.9072
0.1216 0.768 0.6288
0.28 0.2688 0.9216
0.224 0.0192 0.9744
0.224 0.6672 0.7104
0.152 0.864 0.48
0.2304 0.352 0.9072
0.192 0.2112 0.9584
0.48 0.6 0.64
0.168 0.224 0.96
0.224 0.168 0.96
0.64 0.7104 0.2928
0.0784 0.2688 0.96
0.2928 0.7104 0.64
0.352 0.7488 0.5616
0.0768 0.4976 0.864
0.3456 0.576 0.7408
0.768 0.6 0.224
0.6672 0.224 0.7104
0.3968 0.5376 0.744
0.856 0.192 0.48
0.168 0.224 0.96
0.3456 0.1392 0.928
0.1344 0.152 0.9792
0.152 0.4032 0.9024
0.36 0.2368 0.9024
0.3456 0.7408 0.576
0.768 0.0512 0.6384
0.152 0.1344 0.9792
0.7408 0.3456 0.576
0.48 0.096 0.872
0.4096 0.2928 0.864
0.2816 0.7488 0.6
0.3456 0.576 0.7408
0.168 0.0192 0.9856
0.28 0.768 0.576
